
constants =
    BIG    : 4.503599627370496e15           # Math.pow(2, 52)
    BIGINV : 2.22044604925031308085e-16     # Math.pow(2, -52)
    LOG2E  : 1.4426950408889634073599       # 1 / Math.log(2)
    LOGE2  : 6.93147180559945309417e-1      # Math.log(2)
    LOGPI  : 1.14472988584940017414         # Math.log(Math.PI)
    LOGSQ2 : 3.46573590279972654709e-1      # Math.log(2) / 2
    MACHEP : 1.11022302462515654042e-16     # Math,pow(2, -53)
    MAXGAM : 171.624376956302725,
    MAXLOG : 7.09782712893383996843e2       # Math.log(1024) / Math.log(2)
    MAXNUM : 1.7976931348623158e308         # Math.pow(2, 1024)
    MINLOG : -7.08396418532264106224e2      # Math.log(-1022) / Math.log(2)
    PI     : 3.14159265358979323846         # Math.PI
    PIO2   : 1.57079632679489661923         # Math.PI / 2
    PIO4   : 7.85398163397448309616e-1      # Math.PI / 4
    SQ2OPI : 7.9788456080286535587989e-1    # Math.sqrt(2 / pi)
    SQRT2  : 1.41421356237309504880         # Math.sqrt(2)
    SQRTH  : 7.07106781186547524401e-1      # Math.sqrt(2) / 2
    SQRTH  : 7.07106781186547524401e-1      # Math.sqrt(2) / 2
    SQTPI  : 2.50662827463100050242e0       # Math.sqrt(Math.PI)
    THPIO4 : 2.35619449019234492885         # 3 * Math.PI / 4
    TWOOPI : 6.36619772367581343075535e-1   # 2 / MATH.PI

module.exports = constants